1000
0 431 9
0 303 31
0 333 50
0 10 27
0 39 20
0 402 39
0 907 45
0 894 27
1 411 5
2 988 37
2 24 2
3 141 23
3 601 45
3 747 39
4 517 36
4 489 29
4 492 43
4 909 43
4 238 48
5 411 33
6 808 30
6 853 49
7 413 37
7 903 37
7 752 39
8 626 2
8 962 9
8 994 8
8 168 40
8 25 30
8 302 32
9 850 41
9 340 29
10 957 8
10 190 2
10 508 48
10 101 22
11 834 28
11 150 8
12 823 43
12 927 37
12 403 4
13 122 24
13 825 40
13 853 21
14 213 21
14 42 31
15 561 21
15 233 5
15 48 29
15 551 9
16 883 15
16 356 24
17 461 6
17 619 10
18 616 48
18 321 37
18 330 43
19 395 47
19 781 34
19 618 35
19 212 40
20 95 16
21 254 35
21 317 48
21 536 19
22 105 48
22 230 15
22 212 11
22 379 18
23 252 20
23 495 4
24 420 49
24 275 35
24 961 39
25 703 42
25 85 24
26 99 2
26 205 12
26 114 6
27 866 24
27 636 26
27 400 33
28 542 19
28 370 42
28 872 24
28 650 13
29 106 20
29 115 46
30 297 25
31 908 48
31 347 47
31 826 18
31 525 8
31 773 46
32 583 20
33 916 15
33 562 34
34 965 5
34 621 25
34 652 13
34 944 36
35 449 10
35 67 49
35 66 37
36 977 47
36 796 17
36 130 42
36 495 47
37 342 42
37 296 28
37 598 40
37 955 39
37 114 1
38 958 30
38 272 28
38 861 46
39 808 8
39 836 31
39 390 14
39 451 13
39 719 8
39 939 18
40 812 41
40 70 7
40 191 6
41 96 27
42 260 13
42 63 30
43 691 5
43 201 11
43 244 23
43 203 27
44 626 40
44 498 38
44 337 50
45 348 27
45 832 16
45 248 46
46 562 45
46 323 26
46 202 47
46 264 35
46 445 22
47 468 31
47 929 32
47 341 19
47 465 7
47 723 37
47 496 15
47 167 8
47 709 9
47 454 4
48 938 36
49 809 8
49 106 7
50 607 16
50 147 28
50 653 36
50 985 44
51 259 45
51 328 39
52 444 16
53 934 1
53 428 41
53 715 44
54 641 48
54 299 37
54 891 45
55 828 35
55 942 41
55 200 4
55 250 8
55 813 22
56 346 32
57 547 24
58 653 41
58 837 39
58 558 23
58 919 40
59 224 41
59 139 10
59 291 20
59 983 46
60 969 25
60 92 2
60 156 33
61 361 7
61 822 34
62 583 37
62 957 48
63 851 45
63 844 50
64 429 28
64 480 13
64 483 34
64 936 16
64 624 17
65 919 14
65 849 31
65 404 46
66 168 34
66 699 18
66 185 48
66 394 3
67 119 13
67 112 27
67 824 13
67 155 11
68 854 20
68 783 26
68 633 34
68 320 26
68 273 16
68 427 6
69 384 36
70 917 42
70 849 5
71 508 9
71 497 22
71 889 19
72 745 2
72 734 15
73 806 27
73 77 30
74 482 12
75 712 6
75 525 47
75 584 38
76 707 34
76 821 29
76 562 10
76 980 35
76 547 45
76 748 17
77 350 25
77 217 3
77 79 46
77 944 27
78 320 35
80 85 31
80 415 47
80 442 13
81 921 26
81 744 38
81 518 47
82 764 17
82 844 36
83 474 1
83 528 4
83 604 12
84 507 23
85 463 47
85 813 2
86 367 35
86 912 4
86 538 26
86 504 44
87 372 20
87 410 34
87 749 4
88 116 50
88 570 1
88 432 10
88 803 37
88 522 8
88 907 23
89 549 5
90 953 14
91 692 8
91 764 4
91 936 33
92 879 6
92 767 25
93 449 34
93 528 30
94 901 2
94 545 12
94 520 1
94 678 50
94 844 34
95 495 12
95 146 45
95 522 26
96 632 4
96 753 6
97 617 7
98 613 39
99 772 8
99 593 1
100 173 46
100 190 25
100 858 47
100 999 33
101 686 6
102 983 2
103 474 30
103 697 50
104 360 37
105 530 23
107 747 28
107 288 18
107 191 20
108 886 13
108 815 10
108 621 26
109 998 1
110 401 19
111 723 37
111 657 8
111 888 15
112 490 43
112 118 3
112 220 34
112 199 20
113 424 14
113 836 21
113 440 21
114 906 22
114 295 4
114 196 17
114 792 34
114 278 46
115 896 46
115 762 21
116 666 39
116 265 35
116 194 6
117 896 9
117 401 13
119 283 27
119 604 47
119 504 10
119 519 3
119 582 16
119 170 10
120 261 8
120 609 43
120 593 3
120 789 26
121 260 29
121 833 4
121 398 35
121 215 13
122 189 29
122 750 37
122 885 33
123 686 11
123 172 35
124 813 11
124 629 12
124 978 39
125 219 8
125 200 45
126 491 5
126 623 43
127 279 41
127 893 26
127 264 50
128 997 7
128 721 31
128 734 11
129 433 11
130 185 45
130 916 11
130 774 28
130 473 48
130 216 36
130 326 5
130 184 25
130 637 7
130 591 9
131 551 5
131 589 17
131 932 19
132 508 41
133 259 38
133 822 1
133 157 40
134 665 27
134 621 14
134 823 2
134 685 7
135 413 14
136 231 8
136 319 4
136 171 50
136 460 43
137 332 20
137 606 18
138 847 28
138 304 40
138 248 36
140 770 12
141 725 8
141 194 35
142 801 50
142 469 49
142 371 47
142 586 17
142 620 41
143 180 14
144 650 41
144 807 24
145 983 49
145 743 38
147 679 21
147 282 46
147 270 19
147 153 47
148 851 33
149 838 15
149 728 22
149 487 24
150 183 36
150 767 7
151 839 20
151 682 1
151 807 28
152 955 44
152 196 3
152 383 13
152 786 28
153 566 42
153 872 40
153 631 14
153 470 23
154 376 40
154 363 4
154 311 32
154 747 34
155 484 8
156 825 33
156 361 33
157 442 27
158 361 44
159 327 17
160 636 1
160 898 28
160 277 30
161 643 39
161 165 43
162 319 28
162 909 37
162 934 36
162 165 49
163 760 47
163 181 16
163 988 31
163 290 48
163 620 49
164 255 29
165 447 16
165 336 20
165 732 49
166 471 4
166 799 47
166 796 40
169 882 46
169 949 23
169 902 36
169 482 18
170 933 5
170 874 7
170 487 1
170 983 45
170 400 13
171 453 48
172 673 18
173 984 2
173 454 42
174 329 8
174 939 42
175 846 32
175 716 33
175 940 12
175 308 31
175 435 16
175 333 25
176 846 29
177 549 21
177 472 37
178 799 33
178 791 7
178 712 4
179 568 47
180 579 18
180 800 43
180 702 45
180 792 16
181 539 4
182 674 28
183 585 3
183 482 3
184 459 4
184 896 9
184 359 22
184 794 39
184 198 34
185 769 31
185 516 11
185 331 46
185 507 49
186 536 37
186 902 26
186 910 11
186 640 25
187 467 46
188 848 4
188 832 11
188 551 5
188 886 44
189 811 50
191 915 6
191 987 43
192 466 24
193 255 9
193 746 34
193 712 9
193 628 27
193 402 39
194 198 47
194 219 35
195 569 32
195 207 9
196 483 20
196 588 39
196 462 15
197 742 3
197 415 4
198 955 17
198 393 10
198 434 21
199 376 3
199 687 16
199 732 28
200 959 19
200 913 14
200 401 49
200 716 25
201 543 49
201 448 39
201 364 20
202 831 43
203 838 30
203 844 47
204 300 2
204 524 36
204 475 17
204 779 2
204 219 12
205 784 31
206 900 44
206 209 49
206 660 9
206 554 9
207 239 28
207 952 15
208 453 8
208 452 50
208 419 47
208 752 17
208 765 38
208 415 49
208 840 25
208 278 1
208 748 26
209 919 36
210 556 23
211 675 28
211 919 45
211 681 15
211 559 10
211 464 16
212 750 13
212 900 36
212 433 14
212 886 36
213 524 44
213 703 27
214 983 14
214 387 34
214 860 20
214 396 17
214 733 18
214 439 42
214 815 23
215 641 4
215 568 2
216 646 6
218 307 42
218 219 31
219 885 28
219 617 39
220 225 43
221 351 27
222 589 22
222 910 11
222 930 48
223 264 8
225 278 38
226 820 17
226 521 31
227 742 35
227 881 26
227 944 14
228 517 22
229 904 32
229 297 31
230 461 40
230 384 7
230 778 31
230 782 14
232 954 32
232 998 29
233 849 11
233 978 11
234 594 32
235 804 39
235 283 11
236 788 48
236 975 49
237 649 44
238 330 47
238 332 50
238 626 24
238 400 5
238 907 12
240 384 36
240 987 30
241 565 46
241 948 4
242 512 42
242 875 46
243 396 39
243 632 49
243 978 21
244 711 24
244 994 50
245 273 14
246 786 49
246 375 13
246 448 34
246 412 11
247 832 42
247 975 39
247 421 23
248 477 37
248 543 10
248 425 30
248 283 31
248 771 2
249 604 2
249 851 31
250 341 15
251 464 16
252 899 42
252 563 12
252 552 40
252 621 21
252 889 24
253 289 28
253 732 32
254 581 48
255 441 33
255 710 4
256 461 23
256 621 48
257 470 29
257 392 47
257 597 43
258 376 41
258 819 39
258 504 13
259 490 18
259 869 8
260 657 18
262 903 49
263 533 17
263 265 47
263 536 29
264 889 31
265 708 21
265 714 7
265 894 10
266 388 48
266 325 8
267 827 14
267 350 50
267 602 5
267 500 12
268 733 41
269 645 14
271 669 33
271 499 36
271 412 39
272 673 22
272 725 5
272 694 1
273 837 30
273 976 42
274 420 50
274 735 23
275 503 5
275 876 25
276 541 7
277 387 35
277 679 30
277 747 25
277 748 13
278 531 23
278 349 34
278 599 6
278 567 30
278 844 30
279 824 17
280 971 35
281 751 18
281 494 49
281 655 10
282 455 46
282 515 23
282 360 18
283 988 20
283 974 2
284 798 37
285 470 28
285 765 22
286 360 15
286 748 50
287 540 38
287 932 46
287 333 50
289 544 24
289 943 37
290 598 16
291 719 5
292 904 10
292 420 31
292 312 33
292 545 44
293 816 26
293 393 34
293 654 13
294 482 39
295 441 8
297 584 10
298 369 15
298 812 34
299 322 48
299 891 33
300 766 29
300 385 7
300 894 24
301 881 5
301 860 29
301 604 9
301 607 38
301 926 17
302 656 3
302 968 34
302 443 26
302 341 24
302 583 22
302 547 22
303 490 27
303 571 32
303 709 3
304 400 30
305 334 40
306 518 50
307 728 41
307 756 5
307 872 11
307 645 10
307 667 41
307 637 36
308 555 42
309 593 16
310 980 41
310 753 49
310 983 30
311 423 29
311 580 25
312 522 40
312 476 11
313 329 5
313 722 5
314 933 23
314 372 19
314 747 2
315 803 21
316 802 20
316 841 36
316 905 10
316 895 39
316 394 33
316 789 50
316 402 10
317 757 25
318 993 30
318 722 41
318 547 36
319 739 3
319 788 29
323 475 1
323 875 5
324 961 13
325 370 45
325 335 23
325 597 17
326 861 22
327 764 35
327 551 17
328 560 44
328 772 15
328 517 4
330 473 47
330 990 24
330 695 13
330 605 29
330 584 11
330 572 9
330 748 27
330 743 10
331 744 8
331 916 14
331 384 21
332 538 22
332 656 10
332 511 47
332 416 21
332 861 11
333 576 47
333 698 30
334 701 10
334 455 11
335 432 15
335 545 3
337 661 4
337 609 30
338 814 1
338 540 27
338 817 13
339 342 47
339 846 49
339 782 28
340 612 39
340 363 43
340 541 19
340 960 14
343 480 48
343 831 10
343 370 18
343 582 26
344 714 7
344 489 8
345 763 32
345 840 19
346 598 14
346 695 7
347 683 23
348 538 27
348 911 42
350 941 39
351 948 18
351 519 6
352 620 45
352 563 38
353 615 38
353 637 37
353 643 21
353 772 39
354 783 39
355 902 13
355 384 40
355 912 15
356 633 16
357 896 39
357 811 24
357 855 37
358 436 13
358 655 41
359 988 3
359 901 7
360 436 45
360 873 37
361 379 39
361 556 4
361 854 30
361 855 21
361 792 1
362 889 31
362 907 49
364 636 15
364 461 21
365 696 25
365 907 10
366 619 40
367 776 30
368 445 35
369 931 26
370 540 1
370 957 40
372 404 39
373 814 34
373 589 18
373 566 9
373 549 5
374 490 19
374 680 37
374 457 28
375 770 8
376 513 43
376 833 15
377 886 22
378 548 41
378 917 39
380 920 8
380 625 13
380 972 29
381 819 30
381 919 40
382 590 22
383 916 41
383 435 1
383 674 30
383 978 31
383 944 13
384 843 5
386 533 25
387 975 49
388 545 31
388 634 27
388 789 12
389 828 43
389 661 19
390 391 19
390 776 47
391 394 45
392 572 4
394 688 24
396 655 26
397 638 33
397 875 28
397 902 18
398 906 35
399 749 15
399 938 48
399 427 44
400 523 42
400 783 18
400 649 21
401 774 13
401 517 33
401 868 42
401 442 13
402 671 9
402 771 31
403 443 30
403 430 10
403 888 19
403 925 14
403 986 29
403 706 50
403 724 17
403 735 9
403 617 5
404 416 21
405 959 26
405 601 48
405 443 30
406 913 41
406 490 24
406 983 9
407 655 31
408 426 39
408 747 17
409 465 41
409 949 49
410 901 13
410 516 32
411 838 45
411 923 46
411 828 48
412 836 19
412 749 23
412 965 22
412 617 44
413 761 47
414 912 2
414 731 22
414 982 43
414 997 29
415 926 34
417 445 46
418 597 11
421 813 33
421 819 5
421 522 5
422 486 17
422 638 49
422 617 44
423 938 49
424 959 43
424 716 38
426 511 25
426 773 3
427 454 12
428 909 25
430 864 15
430 878 4
430 572 7
431 478 19
431 466 46
431 787 36
432 476 46
435 879 3
436 757 38
436 647 5
437 505 3
438 492 19
439 713 29
440 807 5
441 508 36
442 729 30
442 558 16
443 822 27
443 918 14
444 901 31
444 896 29
445 627 32
445 870 11
445 832 1
446 587 47
446 894 1
446 619 46
447 744 22
448 883 37
449 903 21
450 797 24
450 773 4
450 582 25
451 535 5
451 579 50
451 715 22
451 869 11
452 672 50
453 708 13
453 928 37
454 563 26
454 482 30
455 668 7
455 556 28
456 465 16
456 965 28
457 562 20
458 774 37
458 735 29
459 621 28
459 858 34
460 619 17
460 549 37
461 558 27
464 858 16
465 961 26
466 603 14
466 768 42
466 818 20
466 617 15
467 831 7
467 694 31
467 770 27
467 997 6
467 626 45
468 475 37
468 770 48
468 766 26
469 862 7
471 596 41
472 826 45
472 825 50
472 593 21
474 842 7
475 961 40
475 559 7
476 666 28
477 689 40
477 704 48
477 882 20
478 533 33
478 571 25
479 983 40
481 673 12
481 877 47
481 944 10
482 730 46
482 894 15
485 607 40
486 662 30
486 798 21
486 970 29
486 945 9
487 640 6
487 767 34
487 517 34
488 611 20
488 932 1
489 911 36
490 807 5
491 639 46
492 556 15
492 967 32
492 668 33
493 719 30
493 652 35
493 582 24
495 701 9
495 992 6
495 762 24
495 716 50
497 971 43
497 946 31
497 938 48
499 676 35
499 723 18
499 802 43
500 853 32
500 941 27
501 786 21
501 600 24
501 622 14
502 939 21
502 936 10
504 594 26
504 944 45
505 907 29
506 635 15
506 918 7
508 622 11
509 999 24
510 872 28
510 727 21
512 584 13
513 853 11
514 704 25
514 809 18
515 760 14
515 641 12
516 928 27
516 607 38
517 520 27
517 966 35
517 791 17
518 574 34
518 645 13
519 665 10
519 624 32
521 945 10
522 776 16
522 780 50
523 615 23
524 685 36
525 646 38
525 996 38
526 557 20
526 872 9
527 750 14
528 720 40
528 570 19
529 624 9
530 962 16
530 538 34
531 582 43
531 547 13
532 957 19
534 929 6
535 686 47
536 919 27
536 693 40
536 972 40
537 739 40
537 608 2
538 755 13
539 582 3
541 586 5
542 937 23
542 561 23
545 810 33
545 922 49
545 688 28
546 584 36
546 866 2
546 987 2
549 714 21
549 998 33
550 640 46
550 672 30
551 693 31
552 944 10
552 827 22
552 577 38
553 563 26
553 592 33
553 897 18
553 603 47
554 889 2
554 777 21
554 771 21
555 575 13
557 661 43
557 781 44
560 912 42
561 717 25
563 942 25
564 907 50
565 979 9
567 927 8
567 600 40
567 812 14
568 871 4
568 734 50
569 672 46
570 614 42
571 765 5
572 594 28
572 845 30
572 675 37
573 577 37
573 822 38
575 985 9
575 889 9
578 870 4
578 809 35
578 654 12
578 603 7
579 634 12
580 756 33
581 933 24
581 690 39
581 609 6
582 586 22
583 938 49
583 761 24
585 666 20
585 963 41
587 717 5
587 737 13
587 835 11
587 612 46
587 989 12
588 635 10
589 717 20
590 926 16
591 732 7
592 602 23
593 682 17
594 969 19
594 630 46
595 724 28
596 680 17
596 650 3
597 944 31
599 800 25
601 887 34
601 856 10
602 995 38
603 638 22
604 952 21
604 866 14
606 859 13
608 802 3
608 659 29
608 753 24
608 620 25
609 759 35
610 891 38
610 877 28
610 765 31
612 780 24
613 822 38
615 748 3
617 931 21
617 859 17
617 716 5
619 711 8
620 914 7
620 734 22
620 907 36
621 799 27
621 891 5
621 969 50
622 673 8
623 736 20
623 844 17
624 756 11
625 673 50
626 982 3
628 899 27
630 712 19
630 783 30
633 780 20
636 966 8
636 958 35
636 755 31
636 731 31
636 830 38
637 964 9
637 820 48
638 914 14
639 720 50
641 658 15
642 769 24
644 956 37
648 985 39
651 794 18
651 883 1
652 952 43
655 853 7
657 663 19
658 995 3
659 848 36
659 750 48
660 955 40
660 859 8
661 887 14
662 873 43
663 990 32
663 813 43
663 909 16
664 710 25
664 773 24
667 763 1
667 710 49
669 887 24
670 960 28
671 969 21
672 886 28
673 839 26
673 886 41
674 767 26
674 795 42
675 911 43
676 711 11
677 891 37
677 718 21
681 891 12
682 972 39
682 929 30
682 732 40
683 972 36
684 686 3
686 695 44
686 975 42
686 979 48
688 714 7
689 962 20
690 987 36
690 852 19
690 935 6
690 739 35
694 763 19
695 865 26
695 902 18
696 960 19
696 860 7
697 714 21
700 845 32
700 944 7
703 886 7
704 867 26
705 780 50
707 876 37
708 853 36
708 990 4
713 769 45
714 912 5
716 755 27
716 887 2
716 907 37
717 834 46
718 756 22
720 767 6
720 794 7
721 880 24
721 909 26
726 967 16
727 941 39
727 762 50
729 935 37
734 964 27
734 946 5
735 846 33
735 930 47
737 866 49
738 741 44
738 881 50
740 949 36
744 869 12
745 932 13
746 848 34
748 956 5
749 904 41
750 879 35
750 846 25
752 981 11
753 917 40
754 827 11
754 974 45
758 870 6
761 878 18
765 823 39
765 816 45
765 940 22
766 850 12
766 803 7
767 884 11
770 965 37
771 941 22
771 886 12
772 953 31
773 890 27
775 911 4
778 963 30
782 960 26
782 998 43
782 894 46
783 981 20
785 932 6
787 909 43
787 808 37
787 840 41
787 973 28
788 873 29
790 940 17
790 791 8
792 950 38
792 989 7
792 972 6
793 819 34
794 971 11
795 807 13
795 888 32
795 894 31
798 844 46
799 891 23
800 852 19
801 805 34
801 889 46
802 887 31
803 828 5
803 962 44
805 984 21
807 964 38
808 953 8
812 948 30
814 939 47
815 822 30
817 983 19
820 942 25
822 828 16
822 941 35
823 863 25
824 982 35
827 989 32
829 899 34
832 856 26
833 942 19
837 917 50
841 936 38
842 895 44
847 912 36
854 994 24
857 999 32
858 932 37
861 921 1
863 864 13
876 977 45
877 899 6
887 999 47
892 923 27
894 922 20
894 991 40
895 947 42
903 907 24
912 966 25
912 961 5
913 980 28
918 921 16
919 983 19
924 927 12
925 995 17
926 939 23
929 999 31
939 987 7
947 951 42
948 959 8
956 973 25
961 998 31
968 970 39