1000
0 322 2427
0 607 2837
0 370 550
0 851 793
1 218 2697
1 256 1444
1 226 461
1 547 2669
2 372 706
2 799 94
2 693 985
3 704 466
3 448 2199
3 227 2744
3 321 716
3 117 1610
4 741 67
4 425 857
4 326 2827
5 560 1793
6 129 1029
6 52 2818
7 503 296
7 129 2280
7 154 2216
8 960 1689
9 139 2265
9 606 987
10 87 1945
10 486 2481
10 527 655
11 338 499
11 903 876
11 216 407
12 756 254
13 110 2294
13 387 2039
13 361 298
13 254 138
13 892 168
13 546 248
13 699 2246
13 390 2545
14 984 2504
15 111 477
15 630 2820
15 567 257
15 520 1863
15 650 170
16 216 2012
16 647 2369
16 559 2625
17 627 1485
18 186 1209
18 51 2170
18 627 1391
18 987 2068
18 216 537
18 195 1107
18 657 1815
19 935 703
19 796 1929
20 89 1569
20 782 946
21 719 268
21 450 1160
21 814 724
22 706 833
22 870 2081
22 549 573
22 930 2123
23 383 933
23 981 196
23 259 773
24 612 2864
24 620 498
25 247 776
25 514 440
25 402 1904
25 195 505
26 839 671
26 68 1260
27 662 2643
27 659 1008
27 84 692
27 950 2736
27 162 30
28 212 2002
28 86 758
28 836 47
28 610 950
29 826 2810
29 149 1399
30 649 2084
30 933 729
31 960 1155
32 47 1423
32 653 2043
33 974 205
33 108 2010
34 535 2032
34 375 1225
35 267 891
35 384 2651
36 640 305
37 422 73
37 995 1132
37 231 554
38 890 1930
38 999 2717
39 526 1660
39 820 1372
39 668 1923
39 435 2248
39 691 5
40 800 1319
40 368 2776
41 664 2223
41 762 2963
42 627 1830
42 130 1139
43 941 858
43 581 311
43 700 651
44 223 972
44 767 1508
45 790 1493
45 897 1476
45 206 881
45 922 674
45 828 2753
46 869 1634
46 457 709
47 482 1446
47 619 1190
48 791 2004
48 488 953
48 978 1942
48 948 1288
49 567 707
49 489 832
50 823 2422
50 478 1975
51 790 2139
52 309 2108
52 94 502
53 332 1183
53 878 1747
54 376 804
55 999 1841
55 515 2599
55 914 1414
55 171 955
55 375 2404
55 474 1122
55 727 633
55 836 2386
55 548 2603
56 828 1524
56 146 145
56 685 2936
57 840 1033
57 545 867
58 224 1956
58 62 2115
58 665 232
59 285 2645
60 439 2298
60 480 1099
61 712 2994
63 311 284
63 662 274
64 291 2821
65 575 2668
65 377 1808
66 979 2894
66 396 931
66 159 141
67 96 2113
67 726 670
67 598 564
68 280 2070
68 96 1669
68 832 2769
69 374 240
69 681 1167
70 273 1898
70 333 1013
70 763 1208
71 527 1754
71 654 2874
71 976 1641
71 929 2306
71 464 193
72 93 1917
72 169 2584
72 646 2474
73 709 1692
73 920 958
73 274 551
73 304 62
73 624 2777
74 123 2231
74 457 2394
75 116 2943
75 613 2478
75 421 1309
76 210 2789
77 633 2840
77 560 2595
78 203 926
78 618 1710
78 119 811
79 870 2187
79 854 2513
79 396 2621
79 325 559
79 373 956
79 281 2792
79 624 1513
79 153 335
79 825 861
80 622 2338
80 712 1479
80 224 2588
81 729 827
82 882 2703
83 486 154
84 133 111
85 326 2459
86 492 481
86 512 1856
87 796 1726
87 289 1262
88 498 364
88 165 367
89 601 882
89 827 1952
89 636 610
89 518 263
89 335 2221
89 342 1653
90 521 900
90 888 2091
90 967 1338
91 777 2606
91 379 1387
91 95 405
91 806 1018
92 242 281
92 765 2210
92 832 676
93 274 1450
93 108 2130
94 669 1752
94 544 2591
94 127 128
94 305 1599
94 198 1407
95 765 1594
95 894 1249
96 730 1247
97 919 2456
97 730 575
97 652 1058
98 469 2929
98 616 2104
98 501 64
98 507 2467
98 853 2866
99 388 132
99 164 285
99 479 9
99 650 308
99 961 2909
99 704 2098
99 753 1007
100 858 2289
100 725 2804
100 317 1470
101 511 1544
101 506 1251
102 449 1987
102 654 1430
102 663 2051
102 610 1223
103 802 1604
104 650 135
104 742 2705
105 963 1491
105 728 1054
106 697 444
106 347 1631
106 891 2716
107 299 1870
107 576 938
107 646 1602
108 259 2823
108 610 2594
108 349 1074
108 359 214
108 991 1572
109 963 2548
109 399 1358
109 622 2075
109 634 2035
109 805 2036
109 560 698
110 173 806
110 661 2512
110 953 1802
110 370 2485
111 553 2228
111 861 2867
111 540 221
112 788 380
112 848 2923
112 769 1502
112 994 914
113 834 666
113 844 1228
114 510 934
115 967 2766
116 920 1624
116 560 1836
117 589 897
117 764 644
117 848 940
117 885 2952
117 370 65
118 342 54
119 322 1332
119 501 604
120 890 2219
120 206 2462
120 997 456
121 458 2127
121 932 1359
121 659 888
121 459 36
121 564 2875
122 300 28
122 814 701
123 137 582
124 164 1406
124 691 1885
125 814 1235
126 183 2954
126 670 625
126 136 682
126 374 2579
126 236 2103
127 364 1336
127 716 2222
128 145 1001
129 227 1454
129 980 2301
130 582 1567
130 191 2005
130 460 2598
130 880 1892
130 781 2817
130 372 778
131 977 262
131 609 2407
131 381 740
132 411 2381
132 822 1131
133 652 515
134 855 2034
134 363 1891
135 157 2616
135 532 925
136 453 1506
136 697 1940
136 760 1992
137 312 530
137 731 1333
137 153 2457
138 490 510
138 513 981
138 322 2737
139 199 648
139 907 2458
140 944 2743
141 475 1648
142 508 741
143 254 1101
143 654 1628
143 702 157
143 990 2617
143 889 2324
143 548 1211
144 200 460
144 346 2444
144 185 2577
144 381 2101
144 806 2282
145 595 2392
145 753 50
146 472 1654
146 526 2057
147 618 1546
147 995 256
147 894 2555
148 688 318
148 236 856
149 937 2972
149 301 1844
150 605 462
150 346 2728
151 283 1640
151 973 106
151 860 2425
152 890 2748
153 768 1566
153 275 247
153 859 1912
153 860 361
154 695 522
154 629 2342
154 620 317
155 893 442
155 326 420
156 594 32
156 894 1363
156 382 2279
156 222 1146
157 978 401
157 644 119
157 700 824
158 527 517
159 931 2214
159 775 1807
159 404 1452
159 268 1474
160 394 2832
160 526 598
160 763 675
161 597 664
161 420 2721
162 283 872
163 813 843
164 315 2014
165 397 2455
165 789 809
165 413 1276
165 258 1103
165 339 1729
166 671 697
166 305 1297
166 999 1370
167 429 2674
167 866 1662
167 824 917
168 353 825
168 496 1036
169 510 2984
170 613 314
170 292 1066
171 974 86
172 482 2996
172 544 2239
172 687 2630
173 783 2849
173 719 2499
173 861 472
173 743 2320
174 433 923
175 892 2750
175 576 751
175 899 2155
175 616 903
176 458 2534
176 909 1715
176 559 2106
177 761 693
177 985 1778
178 782 1426
178 672 357
179 885 1720
180 409 1379
181 742 2374
182 337 586
182 890 513
183 302 2692
183 242 1192
184 240 826
184 528 60
184 931 2480
185 863 1647
186 828 2049
186 788 1383
186 440 343
187 208 2257
188 844 2981
188 594 983
188 849 78
188 850 1809
189 927 379
190 875 187
190 564 434
191 900 1221
191 837 2095
192 260 2071
192 902 1129
193 875 321
194 930 2543
194 916 1090
194 209 2881
195 871 743
195 667 1878
195 319 2853
196 722 2105
196 281 2611
197 217 2044
197 760 1193
198 329 722
198 954 1438
198 988 1210
198 317 2033
200 483 1498
200 291 672
200 901 1632
201 834 1959
202 213 1163
203 486 2266
203 902 2812
203 574 438
203 553 2569
203 301 1899
203 853 1517
204 310 1554
204 962 182
204 868 2631
204 509 555
205 496 2245
205 546 2178
205 987 1753
206 275 2204
207 587 526
207 746 282
208 515 476
208 955 1579
208 756 2247
209 701 596
209 483 1089
209 672 2999
209 317 1902
209 268 536
209 825 1313
209 853 2857
210 429 172
211 525 2102
211 757 2934
211 747 1866
211 857 238
211 508 2037
212 758 451
212 556 2530
212 318 2515
212 588 1341
212 718 2854
212 267 1222
213 731 1759
213 507 528
213 408 587
213 810 1226
213 941 944
214 298 387
214 608 853
214 386 488
214 728 638
215 738 1072
215 358 508
215 959 620
215 953 278
216 611 1850
216 591 1032
217 954 1849
217 911 1743
218 411 313
219 237 1988
219 488 578
219 222 2405
219 890 203
219 886 40
219 624 2154
220 259 717
220 567 183
220 615 2542
221 374 151
222 707 739
224 363 1526
225 560 1906
225 266 1016
226 496 1024
226 436 1877
227 771 753
227 550 2412
228 838 2356
229 739 2679
229 833 2066
229 564 59
230 407 1678
230 308 1563
230 653 2328
230 969 2557
230 886 2230
231 759 224
232 606 1100
232 473 27
232 657 2370
233 341 1234
234 684 787
234 577 1658
234 243 2970
234 735 1084
235 678 2828
236 762 699
236 517 137
236 245 2291
236 993 2112
236 445 894
236 547 133
237 813 1401
237 363 2657
237 283 2778
238 805 332
239 602 797
239 464 431
240 581 543
240 754 612
240 836 2275
241 275 102
241 399 2465
241 531 21
241 646 749
242 958 2124
243 873 1352
243 917 1973
244 400 2536
244 392 1261
245 817 1403
246 733 2939
246 905 2089
248 982 2636
248 404 700
249 396 2710
249 376 2632
249 427 1023
250 295 2855
250 285 1795
251 486 208
251 543 43
251 269 159
251 302 1197
252 867 2914
252 971 1758
252 644 715
252 665 1814
253 545 2073
253 844 871
254 606 2583
255 556 1670
255 589 1164
255 332 1326
256 499 1630
257 289 2315
257 894 591
259 991 2706
259 951 1749
259 333 1932
259 276 2384
259 445 295
260 451 1547
260 708 2707
261 952 1002
261 352 1061
261 987 2576
262 589 2787
262 817 2117
262 398 1514
262 937 990
262 430 2747
262 509 1792
263 356 745
264 429 1135
265 350 947
265 370 630
266 439 862
266 545 2492
266 272 167
266 653 424
267 580 908
267 733 1617
268 438 2305
268 806 478
268 691 1269
268 289 1306
268 921 1448
268 392 1968
270 301 930
271 457 2627
271 344 678
271 973 1687
272 429 629
272 876 26
273 512 791
273 314 1674
274 608 1585
274 447 432
274 808 2757
274 419 1429
274 825 1672
275 892 339
275 456 2951
277 365 1645
277 516 2438
278 326 109
279 855 2434
279 424 147
280 391 236
281 856 1903
281 703 34
281 655 2660
281 617 2519
281 293 291
282 623 1081
283 460 1095
283 446 1799
283 762 2815
283 853 838
284 703 631
284 560 1043
285 431 1789
285 651 2363
286 812 2410
286 935 2183
286 940 1922
287 778 657
288 515 2862
288 442 2912
288 462 2209
288 522 1158
289 519 1946
289 871 2843
289 542 1317
289 685 1203
289 464 2563
289 763 2921
289 657 331
290 972 1177
290 474 2200
292 346 103
293 882 197
293 506 1457
294 346 1820
295 385 2093
296 477 546
296 836 1105
296 575 1044
296 456 2337
296 623 1926
296 673 2227
297 652 288
298 576 2802
299 600 1731
300 405 1957
301 328 1092
301 584 2861
301 879 2788
301 864 89
302 891 2229
302 984 2421
302 552 396
302 671 1700
302 679 1995
302 445 738
303 340 852
304 719 2570
305 900 2601
306 953 2772
306 408 1125
306 690 260
307 395 2546
307 384 8
307 799 2454
307 411 1986
307 828 1551
308 722 2742
309 532 885
309 610 1581
309 890 1779
310 313 2234
310 667 945
311 668 2207
311 376 734
312 488 601
312 877 1113
312 787 428
312 317 2992
313 336 1696
313 706 2916
313 485 652
313 778 2411
313 796 688
314 680 2758
314 437 1999
314 643 2268
314 724 1600
316 328 1991
316 827 120
317 690 2739
317 433 2190
317 894 1773
318 335 1246
318 968 1748
319 713 533
320 957 243
323 855 467
323 881 2856
323 326 1237
324 637 201
325 641 2904
325 388 2205
325 488 1094
326 675 2433
326 729 2172
326 567 948
327 667 1666
327 907 2432
328 872 805
328 864 2203
329 998 14
330 875 2159
331 567 2700
332 930 839
332 546 966
333 776 2307
333 581 910
334 503 475
334 878 179
336 367 2807
338 665 2255
339 898 186
339 569 1320
339 427 964
339 847 1051
339 492 2670
339 851 2666
340 585 57
340 449 2340
340 745 2201
340 648 1869
340 814 48
340 762 1437
341 727 1258
342 601 686
342 694 1346
343 917 409
343 772 2845
343 553 2021
344 750 2260
345 464 766
346 619 2259
346 960 1711
346 755 2424
346 735 2969
347 712 2469
348 942 1104
348 400 2811
349 918 2745
350 905 1979
351 422 814
352 533 2451
352 890 2928
353 756 1295
354 366 2148
355 563 2768
355 657 2312
356 470 2806
356 729 2693
357 641 2006
358 694 1925
359 963 118
360 537 1432
360 434 1439
360 425 1357
361 480 1367
361 830 1663
361 583 1166
362 905 2391
362 926 1589
363 521 1078
363 713 2741
363 973 1349
364 630 2
364 784 2781
365 550 2517
365 434 1289
365 912 264
365 652 2418
365 657 1512
366 621 2357
367 584 2902
367 404 1220
368 829 2050
368 477 1557
368 508 1875
369 440 580
370 849 1994
370 988 312
370 570 1368
370 606 2795
371 862 1943
372 736 304
372 979 887
372 473 2667
372 968 2608
372 657 287
373 999 816
374 536 116
374 538 691
375 607 1643
375 988 2218
375 493 1138
376 518 785
376 835 300
377 623 1873
378 702 2585
378 978 901
378 558 2236
379 562 1019
380 941 1420
381 934 169
381 862 977
381 896 2524
381 767 2526
381 824 1611
382 472 2895
383 695 2151
383 997 2368
384 934 2288
384 863 2982
384 657 2699
385 995 200
386 974 1921
386 720 525
386 749 2887
387 600 2681
387 952 81
387 510 667
387 509 2784
388 934 330
389 703 2980
389 522 2957
389 909 1519
390 991 541
390 486 2332
391 760 2730
392 818 88
392 838 2109
392 494 1985
393 763 18
393 454 720
393 755 326
394 987 2922
395 762 1908
396 550 2505
396 965 1156
399 690 1121
401 710 1746
401 815 1540
401 699 286
402 586 2836
403 583 446
404 639 922
404 496 1206
405 414 93
405 426 2525
406 747 58
406 922 1194
406 790 658
406 829 1858
406 691 896
407 972 2829
407 969 909
407 464 1385
409 521 2634
410 738 2839
411 906 359
411 869 391
411 807 511
412 742 616
412 781 2226
413 870 2354
413 660 372
413 607 1181
413 718 404
413 635 342
413 585 2808
413 513 1816
414 710 1248
414 491 1583
415 661 1419
415 863 500
416 464 2269
417 447 12
418 618 1182
419 919 322
420 632 932
421 646 1742
422 600 184
423 574 1472
424 616 2826
425 555 775
425 995 494
426 872 323
426 693 1245
427 971 507
427 812 2067
428 900 2318
429 987 2574
430 554 1791
431 453 1030
432 626 1424
432 845 759
433 671 2135
434 800 912
434 485 1857
434 793 2602
435 942 245
436 787 592
438 628 2464
439 996 2704
440 764 204
440 695 1422
440 637 410
441 482 150
441 675 2791
441 679 1082
442 908 1409
443 516 1389
443 572 1767
444 490 4
444 812 1292
445 906 2979
445 841 1137
445 689 622
445 508 1179
445 743 1141
445 489 1722
446 842 1960
446 719 42
450 538 2920
450 862 1536
450 850 1755
450 885 2100
451 553 1468
451 823 2664
451 538 2355
452 952 890
454 699 2442
455 548 2698
455 993 2967
456 499 24
456 522 242
457 691 921
460 948 866
461 974 51
461 898 345
461 991 1688
462 748 1555
463 619 2099
463 627 623
463 829 2870
463 693 572
465 596 2241
466 475 130
467 911 2206
467 904 383
468 553 2024
468 664 142
469 610 2208
469 855 941
470 744 2215
470 494 1636
471 802 2323
471 929 583
472 740 2150
473 980 646
473 606 2472
475 513 877
476 645 105
476 875 2177
477 773 2419
478 840 1510
478 495 2470
481 877 143
481 840 1915
481 521 493
481 858 514
482 954 2011
482 558 1165
483 639 679
483 660 558
483 728 621
484 733 1250
485 937 2182
485 944 1871
486 855 1266
486 837 828
487 787 1059
489 915 653
490 795 2814
490 593 1859
490 836 552
491 571 1741
491 691 266
492 698 333
492 693 340
492 756 1694
494 843 11
495 926 752
495 915 1329
497 900 1833
497 760 1601
500 504 1244
500 689 2251
502 836 1770
502 981 290
504 616 479
504 978 1380
504 888 1626
504 744 665
505 576 2947
505 772 831
505 564 1204
506 832 2217
506 628 1186
507 811 1652
507 774 1218
507 560 2906
508 596 1950
509 740 512
509 541 1697
509 553 2529
510 991 1128
513 750 1698
513 624 1842
514 764 1685
515 650 279
515 632 2041
516 906 2578
516 926 2647
517 989 1047
519 865 1180
519 651 915
521 534 2677
522 935 2941
522 751 1695
522 797 837
522 915 993
523 666 1174
524 581 2220
525 957 146
525 996 1676
527 765 748
527 618 1342
528 742 2678
529 801 1545
529 992 1845
529 817 1025
530 808 2453
531 749 812
531 754 965
532 568 1286
532 814 2646
533 887 194
534 705 1990
535 949 1495
536 931 920
537 691 2168
539 819 2476
539 600 1079
540 852 1680
542 873 898
546 695 1664
546 809 1588
547 853 2482
548 948 2322
548 853 680
549 795 487
551 864 1810
553 901 1780
553 983 2884
556 968 659
557 941 2437
558 632 1294
558 949 443
558 643 1582
559 936 2516
559 800 1285
559 744 2413
560 594 2056
560 785 415
560 861 140
561 786 2281
561 772 22
562 799 970
562 805 421
563 658 2655
564 770 2966
564 691 437
565 828 1528
566 720 1006
566 975 2054
566 682 2142
567 889 2180
567 699 2879
571 926 1431
572 874 2335
572 725 973
573 756 134
573 622 25
573 691 2764
574 868 2304
575 786 76
575 795 2567
575 649 2365
575 916 398
577 817 1440
578 592 2344
579 782 334
580 650 1686
582 630 656
582 633 2695
583 805 178
583 988 1893
583 794 2440
583 847 1307
584 949 246
585 898 1573
588 845 1003
589 645 199
589 591 2888
590 761 1175
590 935 1301
592 882 227
592 758 2520
592 607 1511
594 896 2076
596 622 2496
596 793 984
596 675 2452
597 777 779
597 679 2398
598 650 2773
599 655 742
599 942 2334
600 997 173
600 750 2420
601 951 250
601 941 269
602 658 2798
603 809 1533
604 678 2144
604 985 1224
604 661 2447
604 750 1015
605 755 2886
605 975 1775
605 854 1787
605 704 1881
606 834 636
606 958 429
606 752 447
606 845 2801
607 723 49
607 822 614
609 723 1727
611 761 2983
611 842 2917
612 744 927
612 721 1189
612 933 519
613 773 1408
614 858 1804
615 771 899
616 908 2556
618 761 2552
619 885 283
620 657 2473
621 677 220
621 951 336
621 750 1750
623 628 2762
624 766 1714
624 945 1702
624 875 1035
625 914 160
626 765 1501
628 659 1216
630 914 821
630 924 2029
630 948 1481
631 882 1732
632 915 663
633 798 2852
633 657 2022
635 695 2550
635 648 2749
637 787 654
638 958 1831
640 824 1480
641 692 1063
641 743 234
642 689 2431
643 740 2094
646 814 108
647 684 1482
647 894 1425
651 828 2988
652 966 1578
652 716 231
652 850 492
653 956 2761
654 970 786
656 784 1768
656 737 1240
657 682 1062
660 910 2644
662 819 1293
665 967 2293
666 780 1824
666 786 635
666 986 473
666 983 1195
667 885 2371
672 828 350
673 747 1021
674 682 501
676 873 2889
676 800 2353
680 764 1963
681 940 597
682 692 1410
683 818 416
683 996 1537
686 741 1839
686 880 1466
686 728 2910
687 916 800
687 763 2639
689 739 774
690 817 2031
691 844 650
693 837 497
694 738 192
694 985 280
695 900 2509
696 850 1110
697 801 2001
699 862 1887
700 730 1586
700 727 2118
703 964 303
703 996 1168
704 708 10
704 991 1102
705 746 1637
707 773 845
708 740 585
708 872 2958
708 852 1529
708 763 822
709 787 1279
709 803 2445
711 929 1386
712 981 1253
713 957 1625
714 743 726
715 943 1404
717 921 2946
719 810 1961
720 975 2642
724 926 2131
725 835 2933
727 833 19
732 752 1330
733 918 2055
734 773 2549
735 854 2911
736 768 2539
737 842 450
737 900 1114
738 943 609
741 943 1828
742 985 1142
743 926 2188
743 839 1415
744 762 2671
746 966 113
746 921 588
749 856 375
750 842 1762
750 782 2714
753 771 1900
753 866 553
753 860 1657
754 853 1862
756 819 2915
757 904 2406
759 886 2296
760 867 441
761 831 808
762 891 210
764 910 2297
764 820 2876
767 830 307
769 985 2990
771 784 1057
771 913 123
771 910 1009
772 802 2138
773 902 1707
774 792 618
775 803 1763
775 822 2446
775 946 1613
779 927 2609
780 890 2224
781 900 161
783 858 2711
783 806 975
784 961 841
784 939 165
784 870 2317
787 798 188
787 816 1230
791 993 2416
793 835 144
797 865 2618
799 957 2285
801 870 1278
801 915 1507
803 862 1644
803 847 1045
804 812 2436
805 867 643
807 985 2775
808 884 1623
810 884 2058
810 999 2287
813 944 1109
819 873 1039
820 968 1971
821 836 2373
822 923 1436
823 843 2656
825 998 2025
827 992 606
828 994 1083
833 924 1130
836 879 121
846 978 1087
851 853 1219
853 938 2258
861 925 1593
863 959 2367
875 967 1272
877 963 594
878 981 1918
878 961 2622
883 949 520
890 933 1738
890 996 2968
893 937 1096
894 902 2629
894 939 1127
895 969 2137
903 982 2586
904 980 484
907 999 770
910 984 714
916 927 849
925 971 2062
928 944 2891
929 978 1564
931 946 835
940 998 1928
945 969 239
947 957 309
952 966 1465
958 993 2962
962 970 2604
968 986 904
970 989 2176
980 999 2640